0
0
0
0
0
0
0
0
0
0
0
0
0
0
0
0
0
0
0
0
0
0
0
0
0
0
0
0
0
0
0
0
0
0
0
0
0
0
0
0
0
0
0
0
0
0
0
0
0
0
0
0
0
0
0
0
0
0
0
0
0
0
0
0
0
0
0
0
0
0
0
0
0
0
0
0
0
0
0
0
0
0
0
0
0
0
0
0
0
0
0
0
0
0
0
0
0
0
0
0
0
0
0
0
0
0
0
0
0
0
0
0
0
0
0
0
0
0
0
0
0
0
0
0
0
0
0
0
0
0
0
0
0
0
0
0
0
0
0
0
0
0
0
0
0
0
0
0
0
0
0
0
0
0
0
0
0
0
0
0
0
0
0
0
0
0
0
0
0
0
0
0
0
0
0
0
0
0
0
0
0
0
0
0
0
0
0
0
0
0
0
0
0
0
0
0
0
0
0
0
0
0
0
0
0
0
0
0
0
0
0
0
0
0
0
0
0
0
0
0
0
0
0
0
0
0
0
0
0
0
0
0
0
0
0
0
0
0
0
0
0
0
0
0
0
0
0
0
0
0
0
0
0
4.683333333333333
0
0
0
0
0
0
0
0
0
0
0
0
0
0
0
1.9777777777777779
0
0
0
0
0
0
0
0
0
0
0
0
0
0
0
0
0
0
0
0
0
0
0
0
0
0
0
0
231.90833333333333
54.974999999999994
0
33.7575
0
37.559999999999995
91.61250000000001
39.76499999999999
226.85250000000002
60.1875
0
0
0
22.3575
0
0
75.87
46.155
151.6575
0
16.0725
43.792500000000004
49.417500000000004
120.2775
0
0
7.02
0
0
63.21
53.595
30.5775
120.88500000000002
16.6575
0
17.9325
0
114.495
177.6525
127.94999999999999
44.2425
0
0
0
11.28
107.4825
35.205
34.4025
95.4675
79.5225
34.815000000000005
34.185
0
57.705
42.9375
0
0
79.6425
0
50.9325
0
0
0
0
0
0
0