2.8
0
0
1.5
11.6
0
2.8
0
15.23
0
6.35
6.8
0
5.7
1.5
0
3
0
1.5
1.85
0
0
0
0
1.8
0.7
0
50
0
0
1.5
4.1
0
0
10
25.19
0
0
0
0
20.58
1.35
0
0
26.72
0
0
0
8.28
14.41
0
1.5
0
0
7.39
16.85
11.35
0
2.2
2.3
0
0
0
9.28
0
2.7
1.7
3.14
0
0
0
0
0
0
10.7
11.39
0
0
0
2.6
3.8
8
18
0
0
2
16.150000000000002
6.9
0
1.79
5.5
0
0
3.29
0
0
0
25.5
53.5
0
7.6000000000000005
0
29.06
0
2
0
8.55
3.0999999999999996
0
0
57.5
16.57
9.2
0
0
4
4.5
10.95
0
0
0
0
0
2.35
0
4
0
0
1.1
6.29
6
4.6
0
0
0
0
4.9399999999999995
154.72
13.350000000000001
2
34.660000000000004
0
10.92
4.3
8.4
20.15
27.17
0
5.51
2.6
8.95
0
0
0
0
0
0
0
0
0
0
0
0
0
0
0
0
0
0
0
0
0
12.3
0
24.380000000000003
12
0
26.71
65
19.64
0
0
0
0
14
4.88
12
3.5
8.8
13.4
10.1
40.29
3.5
2.5
22.689999999999998
6.64
3.5
8.09
0
3.81
0
0
57.45
0
12.52
14.92
0
0.79
3.5
4
0
6
0
0
0
0
2.5
33.75
113.1
12.46
17.51
121.56
30.33
106.3
0
100
17.12
0
8.93
8.87
69
233.15
26.71
60
34.8
13.1
6.9
17.3
5.2
3.7
20.54
131.29
5.5
0
31.1
0
0
8
8
0
11.69
3.7
9.73
0
0
5
6.5
2.18
0
0
0
9.9
9.2
0
20
33.16
13.94
16.2
63.620000000000005
0
0
0.87
31.45
9.65
3.5
0
34.6
2.8
21.64
3
0
0
8.36
9.79
0
0
31.11
4.18
0
0
8.370000000000001
1.8
11.7
0.79
0
0
2.4
2.88
0
6.57
0
51.36
33.1
0
0
0
4.79
8.83
0
0
6.01
0
6.9
3.6
16.69
0
0
170
28.79
3.7
18.03
0
0
25
11.6
100
153.89
0
2.17
11.8
0
8.07
151.36
19.599999999999998
14.79
61.5
0
15
11.52
22.22
17.229999999999997
0
118.86999999999999
5.61
0
41.07999999999999
15.8
64.05
5.970000000000001
90.9
5.9
0
12.75
3.3600000000000003
0
23.5
0
44.54
0
13.82
25.25
0
78.7
2
14.64